124742926
125013938
121245281
124903733
127257005
125897193
140743794
74556865
129937275
114586774
129937277
127257853
125891631
127377025
97045023
73795655
129602068
127380504
135268238
137375288
122202413
125874328
142795841
109548123
140758660
142795843
73795621
124785827
81508726
108924121
134654458
143338713
133697603
118526595
97034085
143368204
113577973
134654456
102768938
134018636
97007191
120461248
108336898
138189607
135268246
118526695
108246197
143338711
137374989
134829176
115833641
97007193
143061390
141772728
134713711
134840901
145255116
92613021
557202
141087617
118528530
141317640
141774403
105838254
136975224
139106496
88231354
108591561
92613134
119070834
92621126
135268243
143022294
145256331
143022290
53827004
37889069
106318753
143022282
109246639
127360242
97102675
76212604
73806438
92610138
141087618
134929462
108240686
72761522
135164444
137014231
90212662
75722868
135727650
92613018
21045531
22044777
134252724
138919075
75752136
136936999
83787976
76067783
124838988
143025620
118208157
136045729
118528503
143296947
50693558
139815379
47374311
136959272
135727678
141774405
143061362
143172646
115013249
49206793
118248164
48385090
135572927
128724738
105813517
97034083
81437711
117286354
72543015
8285447
135224149
137228643
125358606
87004942
53827019
140143665
137005106
110867583
92621084
120461391
75557641
121405782
132820694
92610140
115848586
134929458
108185412
140140525
96991537
134840902
51428073
77694537
134947044
146563301
143025612
117686187
21061945
125278584
133629975
76104061
92621088
47370477
53827027
117078846
92610142
138126909
143022284
143172644
814103
141490338
48393012
126507499
132820479
121405793
140722119
148642600
143337289
135092859
143526206
106869334
137611801
140143812
105038651
141740640
96821171
145392976
70692002
143022287
129356513
55651297
81503770
135727708
138194104
134244467
146146583
136545867
136045733
135112051
132820703
134840907
116958987
99350325
106868861
143686633
47410833
147673899
136979185
140318209
129594878
129356501
81503768
141322626
129594879
143025613
135093811
142006894
71210794
129346920
105038687
86169230
146955432
76472905
42892572
136045737
135727644
143022286
95995234
8286081
146087171
70692033
147995454
128732375
125433528
144448860
72864540
145410614
142328818
82072793
146952333
147114276
120379385
143025622
147221137
140314551
147570948
146764545
136543858
135727704
144411201
149458040
95996882
148100180
135727696
135726575
148546240
133630930
72537154
135571980
147368806
127363784
148545208
92555400
53827020
140309509
142791368
21043975
8286686
127358278
149055145
136045739
136482304
137005163
148951559
147571079
147441765
147371754
117806374
142366214
146870183
99679772
146644159
135093024
147420144
148613995
149348973
136523926
148354276
148795466
149267468
148749584
149273215
148072153
149397540
115765061
151760759
151839074
151839042
135727680
151839024
151839044
151839086
143420524
151839102
151839078
151839012
151839088
151839036
150688410
150656150
150656146
150657629
150688408
151839046
135727687
151839092
138324661
150735158
150657631
150688412
151839028
151839034
151839104
151839072
151839080
151839030
151839106
151839056
150656148
151839076
151839058
151839096
151839094
150688406
150604738
150688404
151839066
151839020
151839068
151839098
151839017
151839090
151839048
151839062
151839084
151839010